{
 "cells": [
  {
   "cell_type": "markdown",
   "id": "54dc3ddb-b46c-401a-a8ee-08ed715e8e81",
   "metadata": {},
   "source": [
    "# PUMS dataset"
   ]
  },
  {
   "cell_type": "code",
   "execution_count": 1,
   "id": "78df9240-dea0-4e0f-a8e6-d9bb40864c36",
   "metadata": {},
   "outputs": [],
   "source": [
    "%matplotlib inline\n",
    "import math\n",
    "import numpy as np\n",
    "import pandas as pd\n",
    "import scipy.stats as stats\n",
    "import matplotlib.pyplot as plt"
   ]
  },
  {
   "cell_type": "code",
   "execution_count": 2,
   "id": "913869fe-ff8f-4c3a-bc6e-bb1cf1eedbed",
   "metadata": {},
   "outputs": [],
   "source": [
    "pums = pd.read_csv('pums.csv', na_values=['notknown'])"
   ]
  },
  {
   "cell_type": "markdown",
   "id": "96e848fa-e08b-4212-ae96-b01b7d9d48a1",
   "metadata": {},
   "source": [
    "Data is structured in 15 variables (already encoded as numerical values) and 1 target variable."
   ]
  },
  {
   "cell_type": "code",
   "execution_count": 3,
   "id": "2977ca2f-351d-4b27-be79-128c7895831b",
   "metadata": {},
   "outputs": [
    {
     "data": {
      "text/html": [
       "<div>\n",
       "<style scoped>\n",
       "    .dataframe tbody tr th:only-of-type {\n",
       "        vertical-align: middle;\n",
       "    }\n",
       "\n",
       "    .dataframe tbody tr th {\n",
       "        vertical-align: top;\n",
       "    }\n",
       "\n",
       "    .dataframe thead th {\n",
       "        text-align: right;\n",
       "    }\n",
       "</style>\n",
       "<table border=\"1\" class=\"dataframe\">\n",
       "  <thead>\n",
       "    <tr style=\"text-align: right;\">\n",
       "      <th></th>\n",
       "      <th>AGEP</th>\n",
       "      <th>SCHL</th>\n",
       "      <th>MAR</th>\n",
       "      <th>RELP</th>\n",
       "      <th>DIS</th>\n",
       "      <th>ESP</th>\n",
       "      <th>CIT</th>\n",
       "      <th>MIG</th>\n",
       "      <th>MIL</th>\n",
       "      <th>ANC</th>\n",
       "      <th>NATIVITY</th>\n",
       "      <th>DEAR</th>\n",
       "      <th>DEYE</th>\n",
       "      <th>DREM</th>\n",
       "      <th>SEX</th>\n",
       "      <th>ESR</th>\n",
       "    </tr>\n",
       "  </thead>\n",
       "  <tbody>\n",
       "    <tr>\n",
       "      <th>0</th>\n",
       "      <td>21.0</td>\n",
       "      <td>16.0</td>\n",
       "      <td>5.0</td>\n",
       "      <td>17.0</td>\n",
       "      <td>2.0</td>\n",
       "      <td>0.0</td>\n",
       "      <td>1.0</td>\n",
       "      <td>1.0</td>\n",
       "      <td>4.0</td>\n",
       "      <td>1.0</td>\n",
       "      <td>1.0</td>\n",
       "      <td>2.0</td>\n",
       "      <td>2.0</td>\n",
       "      <td>2.0</td>\n",
       "      <td>2.0</td>\n",
       "      <td>True</td>\n",
       "    </tr>\n",
       "    <tr>\n",
       "      <th>1</th>\n",
       "      <td>19.0</td>\n",
       "      <td>16.0</td>\n",
       "      <td>5.0</td>\n",
       "      <td>17.0</td>\n",
       "      <td>2.0</td>\n",
       "      <td>0.0</td>\n",
       "      <td>1.0</td>\n",
       "      <td>1.0</td>\n",
       "      <td>4.0</td>\n",
       "      <td>1.0</td>\n",
       "      <td>1.0</td>\n",
       "      <td>2.0</td>\n",
       "      <td>2.0</td>\n",
       "      <td>2.0</td>\n",
       "      <td>2.0</td>\n",
       "      <td>False</td>\n",
       "    </tr>\n",
       "    <tr>\n",
       "      <th>2</th>\n",
       "      <td>24.0</td>\n",
       "      <td>12.0</td>\n",
       "      <td>5.0</td>\n",
       "      <td>16.0</td>\n",
       "      <td>1.0</td>\n",
       "      <td>0.0</td>\n",
       "      <td>1.0</td>\n",
       "      <td>1.0</td>\n",
       "      <td>4.0</td>\n",
       "      <td>1.0</td>\n",
       "      <td>1.0</td>\n",
       "      <td>2.0</td>\n",
       "      <td>2.0</td>\n",
       "      <td>1.0</td>\n",
       "      <td>1.0</td>\n",
       "      <td>False</td>\n",
       "    </tr>\n",
       "    <tr>\n",
       "      <th>3</th>\n",
       "      <td>20.0</td>\n",
       "      <td>16.0</td>\n",
       "      <td>5.0</td>\n",
       "      <td>17.0</td>\n",
       "      <td>2.0</td>\n",
       "      <td>0.0</td>\n",
       "      <td>1.0</td>\n",
       "      <td>1.0</td>\n",
       "      <td>3.0</td>\n",
       "      <td>1.0</td>\n",
       "      <td>1.0</td>\n",
       "      <td>2.0</td>\n",
       "      <td>NaN</td>\n",
       "      <td>2.0</td>\n",
       "      <td>2.0</td>\n",
       "      <td>True</td>\n",
       "    </tr>\n",
       "    <tr>\n",
       "      <th>4</th>\n",
       "      <td>31.0</td>\n",
       "      <td>17.0</td>\n",
       "      <td>5.0</td>\n",
       "      <td>17.0</td>\n",
       "      <td>2.0</td>\n",
       "      <td>0.0</td>\n",
       "      <td>1.0</td>\n",
       "      <td>3.0</td>\n",
       "      <td>4.0</td>\n",
       "      <td>4.0</td>\n",
       "      <td>1.0</td>\n",
       "      <td>2.0</td>\n",
       "      <td>2.0</td>\n",
       "      <td>2.0</td>\n",
       "      <td>1.0</td>\n",
       "      <td>True</td>\n",
       "    </tr>\n",
       "  </tbody>\n",
       "</table>\n",
       "</div>"
      ],
      "text/plain": [
       "   AGEP  SCHL  MAR  RELP  DIS  ESP  CIT  MIG  MIL  ANC  NATIVITY  DEAR  DEYE  \\\n",
       "0  21.0  16.0  5.0  17.0  2.0  0.0  1.0  1.0  4.0  1.0       1.0   2.0   2.0   \n",
       "1  19.0  16.0  5.0  17.0  2.0  0.0  1.0  1.0  4.0  1.0       1.0   2.0   2.0   \n",
       "2  24.0  12.0  5.0  16.0  1.0  0.0  1.0  1.0  4.0  1.0       1.0   2.0   2.0   \n",
       "3  20.0  16.0  5.0  17.0  2.0  0.0  1.0  1.0  3.0  1.0       1.0   2.0   NaN   \n",
       "4  31.0  17.0  5.0  17.0  2.0  0.0  1.0  3.0  4.0  4.0       1.0   2.0   2.0   \n",
       "\n",
       "   DREM  SEX    ESR  \n",
       "0   2.0  2.0   True  \n",
       "1   2.0  2.0  False  \n",
       "2   1.0  1.0  False  \n",
       "3   2.0  2.0   True  \n",
       "4   2.0  1.0   True  "
      ]
     },
     "execution_count": 3,
     "metadata": {},
     "output_type": "execute_result"
    }
   ],
   "source": [
    "pums.head()"
   ]
  },
  {
   "cell_type": "markdown",
   "id": "be9333c3-dc40-4e92-a533-587ffc831c83",
   "metadata": {},
   "source": [
    "The number of entries is 746,336."
   ]
  },
  {
   "cell_type": "code",
   "execution_count": 4,
   "id": "14e510e8-afa8-4e07-a204-6740daf7f60a",
   "metadata": {},
   "outputs": [
    {
     "name": "stdout",
     "output_type": "stream",
     "text": [
      "<class 'pandas.core.frame.DataFrame'>\n",
      "RangeIndex: 746336 entries, 0 to 746335\n",
      "Data columns (total 16 columns):\n",
      " #   Column    Non-Null Count   Dtype  \n",
      "---  ------    --------------   -----  \n",
      " 0   AGEP      746336 non-null  float64\n",
      " 1   SCHL      709133 non-null  float64\n",
      " 2   MAR       746336 non-null  float64\n",
      " 3   RELP      709213 non-null  float64\n",
      " 4   DIS       746336 non-null  float64\n",
      " 5   ESP       746336 non-null  float64\n",
      " 6   CIT       709287 non-null  float64\n",
      " 7   MIG       746336 non-null  float64\n",
      " 8   MIL       746336 non-null  float64\n",
      " 9   ANC       746336 non-null  float64\n",
      " 10  NATIVITY  708813 non-null  float64\n",
      " 11  DEAR      708974 non-null  float64\n",
      " 12  DEYE      709267 non-null  float64\n",
      " 13  DREM      746336 non-null  float64\n",
      " 14  SEX       746336 non-null  float64\n",
      " 15  ESR       746336 non-null  bool   \n",
      "dtypes: bool(1), float64(15)\n",
      "memory usage: 86.1 MB\n"
     ]
    }
   ],
   "source": [
    "pums.info()"
   ]
  },
  {
   "cell_type": "markdown",
   "id": "71f249ec-423d-4d75-911d-27e98672f9a2",
   "metadata": {},
   "source": [
    "## Data preparation"
   ]
  },
  {
   "cell_type": "code",
   "execution_count": 5,
   "id": "95f4e6d0-8800-41e7-89dc-8d2eba35396a",
   "metadata": {},
   "outputs": [],
   "source": [
    "from sklearn.preprocessing import LabelEncoder"
   ]
  },
  {
   "cell_type": "markdown",
   "id": "5a33eaa7-ca2e-4a4e-a5c0-ffb4ea14c133",
   "metadata": {},
   "source": [
    "We have to encode the boolean target variable to make it numerical."
   ]
  },
  {
   "cell_type": "code",
   "execution_count": 6,
   "id": "2cd07b5a-99d8-4a45-b526-790d63fba666",
   "metadata": {},
   "outputs": [],
   "source": [
    "le = LabelEncoder()\n",
    "NESR = le.fit_transform(pums['ESR'])\n",
    "pums['ESR'] = pd.Series(NESR)"
   ]
  },
  {
   "cell_type": "code",
   "execution_count": 7,
   "id": "e3588a1d-a275-447e-a7be-d6050bbf6d7f",
   "metadata": {},
   "outputs": [
    {
     "data": {
      "text/html": [
       "<div>\n",
       "<style scoped>\n",
       "    .dataframe tbody tr th:only-of-type {\n",
       "        vertical-align: middle;\n",
       "    }\n",
       "\n",
       "    .dataframe tbody tr th {\n",
       "        vertical-align: top;\n",
       "    }\n",
       "\n",
       "    .dataframe thead th {\n",
       "        text-align: right;\n",
       "    }\n",
       "</style>\n",
       "<table border=\"1\" class=\"dataframe\">\n",
       "  <thead>\n",
       "    <tr style=\"text-align: right;\">\n",
       "      <th></th>\n",
       "      <th>AGEP</th>\n",
       "      <th>SCHL</th>\n",
       "      <th>MAR</th>\n",
       "      <th>RELP</th>\n",
       "      <th>DIS</th>\n",
       "      <th>ESP</th>\n",
       "      <th>CIT</th>\n",
       "      <th>MIG</th>\n",
       "      <th>MIL</th>\n",
       "      <th>ANC</th>\n",
       "      <th>NATIVITY</th>\n",
       "      <th>DEAR</th>\n",
       "      <th>DEYE</th>\n",
       "      <th>DREM</th>\n",
       "      <th>SEX</th>\n",
       "      <th>ESR</th>\n",
       "    </tr>\n",
       "  </thead>\n",
       "  <tbody>\n",
       "    <tr>\n",
       "      <th>0</th>\n",
       "      <td>21.0</td>\n",
       "      <td>16.0</td>\n",
       "      <td>5.0</td>\n",
       "      <td>17.0</td>\n",
       "      <td>2.0</td>\n",
       "      <td>0.0</td>\n",
       "      <td>1.0</td>\n",
       "      <td>1.0</td>\n",
       "      <td>4.0</td>\n",
       "      <td>1.0</td>\n",
       "      <td>1.0</td>\n",
       "      <td>2.0</td>\n",
       "      <td>2.0</td>\n",
       "      <td>2.0</td>\n",
       "      <td>2.0</td>\n",
       "      <td>1</td>\n",
       "    </tr>\n",
       "    <tr>\n",
       "      <th>1</th>\n",
       "      <td>19.0</td>\n",
       "      <td>16.0</td>\n",
       "      <td>5.0</td>\n",
       "      <td>17.0</td>\n",
       "      <td>2.0</td>\n",
       "      <td>0.0</td>\n",
       "      <td>1.0</td>\n",
       "      <td>1.0</td>\n",
       "      <td>4.0</td>\n",
       "      <td>1.0</td>\n",
       "      <td>1.0</td>\n",
       "      <td>2.0</td>\n",
       "      <td>2.0</td>\n",
       "      <td>2.0</td>\n",
       "      <td>2.0</td>\n",
       "      <td>0</td>\n",
       "    </tr>\n",
       "    <tr>\n",
       "      <th>2</th>\n",
       "      <td>24.0</td>\n",
       "      <td>12.0</td>\n",
       "      <td>5.0</td>\n",
       "      <td>16.0</td>\n",
       "      <td>1.0</td>\n",
       "      <td>0.0</td>\n",
       "      <td>1.0</td>\n",
       "      <td>1.0</td>\n",
       "      <td>4.0</td>\n",
       "      <td>1.0</td>\n",
       "      <td>1.0</td>\n",
       "      <td>2.0</td>\n",
       "      <td>2.0</td>\n",
       "      <td>1.0</td>\n",
       "      <td>1.0</td>\n",
       "      <td>0</td>\n",
       "    </tr>\n",
       "    <tr>\n",
       "      <th>3</th>\n",
       "      <td>20.0</td>\n",
       "      <td>16.0</td>\n",
       "      <td>5.0</td>\n",
       "      <td>17.0</td>\n",
       "      <td>2.0</td>\n",
       "      <td>0.0</td>\n",
       "      <td>1.0</td>\n",
       "      <td>1.0</td>\n",
       "      <td>3.0</td>\n",
       "      <td>1.0</td>\n",
       "      <td>1.0</td>\n",
       "      <td>2.0</td>\n",
       "      <td>NaN</td>\n",
       "      <td>2.0</td>\n",
       "      <td>2.0</td>\n",
       "      <td>1</td>\n",
       "    </tr>\n",
       "    <tr>\n",
       "      <th>4</th>\n",
       "      <td>31.0</td>\n",
       "      <td>17.0</td>\n",
       "      <td>5.0</td>\n",
       "      <td>17.0</td>\n",
       "      <td>2.0</td>\n",
       "      <td>0.0</td>\n",
       "      <td>1.0</td>\n",
       "      <td>3.0</td>\n",
       "      <td>4.0</td>\n",
       "      <td>4.0</td>\n",
       "      <td>1.0</td>\n",
       "      <td>2.0</td>\n",
       "      <td>2.0</td>\n",
       "      <td>2.0</td>\n",
       "      <td>1.0</td>\n",
       "      <td>1</td>\n",
       "    </tr>\n",
       "  </tbody>\n",
       "</table>\n",
       "</div>"
      ],
      "text/plain": [
       "   AGEP  SCHL  MAR  RELP  DIS  ESP  CIT  MIG  MIL  ANC  NATIVITY  DEAR  DEYE  \\\n",
       "0  21.0  16.0  5.0  17.0  2.0  0.0  1.0  1.0  4.0  1.0       1.0   2.0   2.0   \n",
       "1  19.0  16.0  5.0  17.0  2.0  0.0  1.0  1.0  4.0  1.0       1.0   2.0   2.0   \n",
       "2  24.0  12.0  5.0  16.0  1.0  0.0  1.0  1.0  4.0  1.0       1.0   2.0   2.0   \n",
       "3  20.0  16.0  5.0  17.0  2.0  0.0  1.0  1.0  3.0  1.0       1.0   2.0   NaN   \n",
       "4  31.0  17.0  5.0  17.0  2.0  0.0  1.0  3.0  4.0  4.0       1.0   2.0   2.0   \n",
       "\n",
       "   DREM  SEX  ESR  \n",
       "0   2.0  2.0    1  \n",
       "1   2.0  2.0    0  \n",
       "2   1.0  1.0    0  \n",
       "3   2.0  2.0    1  \n",
       "4   2.0  1.0    1  "
      ]
     },
     "execution_count": 7,
     "metadata": {},
     "output_type": "execute_result"
    }
   ],
   "source": [
    "pums.head()"
   ]
  },
  {
   "cell_type": "markdown",
   "id": "b7a5ec35-2d5b-4785-aef8-39e141748b2c",
   "metadata": {},
   "source": [
    "# Statistics"
   ]
  },
  {
   "cell_type": "code",
   "execution_count": 8,
   "id": "589fd240-c957-495e-b32f-181f67f036ef",
   "metadata": {},
   "outputs": [
    {
     "data": {
      "text/html": [
       "<div>\n",
       "<style scoped>\n",
       "    .dataframe tbody tr th:only-of-type {\n",
       "        vertical-align: middle;\n",
       "    }\n",
       "\n",
       "    .dataframe tbody tr th {\n",
       "        vertical-align: top;\n",
       "    }\n",
       "\n",
       "    .dataframe thead th {\n",
       "        text-align: right;\n",
       "    }\n",
       "</style>\n",
       "<table border=\"1\" class=\"dataframe\">\n",
       "  <thead>\n",
       "    <tr style=\"text-align: right;\">\n",
       "      <th></th>\n",
       "      <th>AGEP</th>\n",
       "      <th>SCHL</th>\n",
       "      <th>MAR</th>\n",
       "      <th>RELP</th>\n",
       "      <th>DIS</th>\n",
       "      <th>ESP</th>\n",
       "      <th>CIT</th>\n",
       "      <th>MIG</th>\n",
       "      <th>MIL</th>\n",
       "      <th>ANC</th>\n",
       "      <th>NATIVITY</th>\n",
       "      <th>DEAR</th>\n",
       "      <th>DEYE</th>\n",
       "      <th>DREM</th>\n",
       "      <th>SEX</th>\n",
       "      <th>ESR</th>\n",
       "    </tr>\n",
       "  </thead>\n",
       "  <tbody>\n",
       "    <tr>\n",
       "      <th>count</th>\n",
       "      <td>746336.000000</td>\n",
       "      <td>709133.000000</td>\n",
       "      <td>746336.000000</td>\n",
       "      <td>709213.000000</td>\n",
       "      <td>746336.000000</td>\n",
       "      <td>746336.000000</td>\n",
       "      <td>709287.000000</td>\n",
       "      <td>746336.000000</td>\n",
       "      <td>746336.000000</td>\n",
       "      <td>746336.000000</td>\n",
       "      <td>708813.000000</td>\n",
       "      <td>708974.000000</td>\n",
       "      <td>709267.000000</td>\n",
       "      <td>746336.000000</td>\n",
       "      <td>746336.000000</td>\n",
       "      <td>746336.000000</td>\n",
       "    </tr>\n",
       "    <tr>\n",
       "      <th>mean</th>\n",
       "      <td>40.378314</td>\n",
       "      <td>15.426601</td>\n",
       "      <td>2.995578</td>\n",
       "      <td>2.679022</td>\n",
       "      <td>1.866040</td>\n",
       "      <td>0.617611</td>\n",
       "      <td>1.693518</td>\n",
       "      <td>1.247413</td>\n",
       "      <td>3.080612</td>\n",
       "      <td>1.757976</td>\n",
       "      <td>1.192635</td>\n",
       "      <td>1.960921</td>\n",
       "      <td>1.975131</td>\n",
       "      <td>1.844122</td>\n",
       "      <td>1.507907</td>\n",
       "      <td>0.453035</td>\n",
       "    </tr>\n",
       "    <tr>\n",
       "      <th>std</th>\n",
       "      <td>23.374484</td>\n",
       "      <td>6.381558</td>\n",
       "      <td>1.865125</td>\n",
       "      <td>4.336577</td>\n",
       "      <td>0.340609</td>\n",
       "      <td>1.678300</td>\n",
       "      <td>1.390452</td>\n",
       "      <td>0.675038</td>\n",
       "      <td>1.608065</td>\n",
       "      <td>1.097682</td>\n",
       "      <td>0.394369</td>\n",
       "      <td>0.193783</td>\n",
       "      <td>0.155727</td>\n",
       "      <td>0.485527</td>\n",
       "      <td>0.499938</td>\n",
       "      <td>0.497790</td>\n",
       "    </tr>\n",
       "    <tr>\n",
       "      <th>min</th>\n",
       "      <td>0.000000</td>\n",
       "      <td>0.000000</td>\n",
       "      <td>1.000000</td>\n",
       "      <td>0.000000</td>\n",
       "      <td>1.000000</td>\n",
       "      <td>0.000000</td>\n",
       "      <td>1.000000</td>\n",
       "      <td>0.000000</td>\n",
       "      <td>0.000000</td>\n",
       "      <td>1.000000</td>\n",
       "      <td>1.000000</td>\n",
       "      <td>1.000000</td>\n",
       "      <td>1.000000</td>\n",
       "      <td>0.000000</td>\n",
       "      <td>1.000000</td>\n",
       "      <td>0.000000</td>\n",
       "    </tr>\n",
       "    <tr>\n",
       "      <th>25%</th>\n",
       "      <td>20.000000</td>\n",
       "      <td>13.000000</td>\n",
       "      <td>1.000000</td>\n",
       "      <td>0.000000</td>\n",
       "      <td>2.000000</td>\n",
       "      <td>0.000000</td>\n",
       "      <td>1.000000</td>\n",
       "      <td>1.000000</td>\n",
       "      <td>2.000000</td>\n",
       "      <td>1.000000</td>\n",
       "      <td>1.000000</td>\n",
       "      <td>2.000000</td>\n",
       "      <td>2.000000</td>\n",
       "      <td>2.000000</td>\n",
       "      <td>1.000000</td>\n",
       "      <td>0.000000</td>\n",
       "    </tr>\n",
       "    <tr>\n",
       "      <th>50%</th>\n",
       "      <td>40.000000</td>\n",
       "      <td>17.000000</td>\n",
       "      <td>3.000000</td>\n",
       "      <td>1.000000</td>\n",
       "      <td>2.000000</td>\n",
       "      <td>0.000000</td>\n",
       "      <td>1.000000</td>\n",
       "      <td>1.000000</td>\n",
       "      <td>4.000000</td>\n",
       "      <td>1.000000</td>\n",
       "      <td>1.000000</td>\n",
       "      <td>2.000000</td>\n",
       "      <td>2.000000</td>\n",
       "      <td>2.000000</td>\n",
       "      <td>2.000000</td>\n",
       "      <td>0.000000</td>\n",
       "    </tr>\n",
       "    <tr>\n",
       "      <th>75%</th>\n",
       "      <td>59.000000</td>\n",
       "      <td>20.000000</td>\n",
       "      <td>5.000000</td>\n",
       "      <td>2.000000</td>\n",
       "      <td>2.000000</td>\n",
       "      <td>0.000000</td>\n",
       "      <td>1.000000</td>\n",
       "      <td>1.000000</td>\n",
       "      <td>4.000000</td>\n",
       "      <td>2.000000</td>\n",
       "      <td>1.000000</td>\n",
       "      <td>2.000000</td>\n",
       "      <td>2.000000</td>\n",
       "      <td>2.000000</td>\n",
       "      <td>2.000000</td>\n",
       "      <td>1.000000</td>\n",
       "    </tr>\n",
       "    <tr>\n",
       "      <th>max</th>\n",
       "      <td>94.000000</td>\n",
       "      <td>24.000000</td>\n",
       "      <td>5.000000</td>\n",
       "      <td>17.000000</td>\n",
       "      <td>2.000000</td>\n",
       "      <td>8.000000</td>\n",
       "      <td>5.000000</td>\n",
       "      <td>3.000000</td>\n",
       "      <td>4.000000</td>\n",
       "      <td>4.000000</td>\n",
       "      <td>2.000000</td>\n",
       "      <td>2.000000</td>\n",
       "      <td>2.000000</td>\n",
       "      <td>2.000000</td>\n",
       "      <td>2.000000</td>\n",
       "      <td>1.000000</td>\n",
       "    </tr>\n",
       "  </tbody>\n",
       "</table>\n",
       "</div>"
      ],
      "text/plain": [
       "                AGEP           SCHL            MAR           RELP  \\\n",
       "count  746336.000000  709133.000000  746336.000000  709213.000000   \n",
       "mean       40.378314      15.426601       2.995578       2.679022   \n",
       "std        23.374484       6.381558       1.865125       4.336577   \n",
       "min         0.000000       0.000000       1.000000       0.000000   \n",
       "25%        20.000000      13.000000       1.000000       0.000000   \n",
       "50%        40.000000      17.000000       3.000000       1.000000   \n",
       "75%        59.000000      20.000000       5.000000       2.000000   \n",
       "max        94.000000      24.000000       5.000000      17.000000   \n",
       "\n",
       "                 DIS            ESP            CIT            MIG  \\\n",
       "count  746336.000000  746336.000000  709287.000000  746336.000000   \n",
       "mean        1.866040       0.617611       1.693518       1.247413   \n",
       "std         0.340609       1.678300       1.390452       0.675038   \n",
       "min         1.000000       0.000000       1.000000       0.000000   \n",
       "25%         2.000000       0.000000       1.000000       1.000000   \n",
       "50%         2.000000       0.000000       1.000000       1.000000   \n",
       "75%         2.000000       0.000000       1.000000       1.000000   \n",
       "max         2.000000       8.000000       5.000000       3.000000   \n",
       "\n",
       "                 MIL            ANC       NATIVITY           DEAR  \\\n",
       "count  746336.000000  746336.000000  708813.000000  708974.000000   \n",
       "mean        3.080612       1.757976       1.192635       1.960921   \n",
       "std         1.608065       1.097682       0.394369       0.193783   \n",
       "min         0.000000       1.000000       1.000000       1.000000   \n",
       "25%         2.000000       1.000000       1.000000       2.000000   \n",
       "50%         4.000000       1.000000       1.000000       2.000000   \n",
       "75%         4.000000       2.000000       1.000000       2.000000   \n",
       "max         4.000000       4.000000       2.000000       2.000000   \n",
       "\n",
       "                DEYE           DREM            SEX            ESR  \n",
       "count  709267.000000  746336.000000  746336.000000  746336.000000  \n",
       "mean        1.975131       1.844122       1.507907       0.453035  \n",
       "std         0.155727       0.485527       0.499938       0.497790  \n",
       "min         1.000000       0.000000       1.000000       0.000000  \n",
       "25%         2.000000       2.000000       1.000000       0.000000  \n",
       "50%         2.000000       2.000000       2.000000       0.000000  \n",
       "75%         2.000000       2.000000       2.000000       1.000000  \n",
       "max         2.000000       2.000000       2.000000       1.000000  "
      ]
     },
     "execution_count": 8,
     "metadata": {},
     "output_type": "execute_result"
    }
   ],
   "source": [
    "pums.describe()"
   ]
  },
  {
   "cell_type": "code",
   "execution_count": 9,
   "id": "3fca1f62-7b73-4f6e-8d29-d44a3d1a1829",
   "metadata": {},
   "outputs": [
    {
     "data": {
      "text/html": [
       "<div>\n",
       "<style scoped>\n",
       "    .dataframe tbody tr th:only-of-type {\n",
       "        vertical-align: middle;\n",
       "    }\n",
       "\n",
       "    .dataframe tbody tr th {\n",
       "        vertical-align: top;\n",
       "    }\n",
       "\n",
       "    .dataframe thead th {\n",
       "        text-align: right;\n",
       "    }\n",
       "</style>\n",
       "<table border=\"1\" class=\"dataframe\">\n",
       "  <thead>\n",
       "    <tr style=\"text-align: right;\">\n",
       "      <th></th>\n",
       "      <th>AGEP</th>\n",
       "      <th>SCHL</th>\n",
       "      <th>MAR</th>\n",
       "      <th>RELP</th>\n",
       "      <th>DIS</th>\n",
       "      <th>ESP</th>\n",
       "      <th>CIT</th>\n",
       "      <th>MIG</th>\n",
       "      <th>MIL</th>\n",
       "      <th>ANC</th>\n",
       "      <th>NATIVITY</th>\n",
       "      <th>DEAR</th>\n",
       "      <th>DEYE</th>\n",
       "      <th>DREM</th>\n",
       "      <th>SEX</th>\n",
       "      <th>ESR</th>\n",
       "    </tr>\n",
       "  </thead>\n",
       "  <tbody>\n",
       "    <tr>\n",
       "      <th>AGEP</th>\n",
       "      <td>1.000000</td>\n",
       "      <td>0.526318</td>\n",
       "      <td>-0.652526</td>\n",
       "      <td>-0.160553</td>\n",
       "      <td>-0.319932</td>\n",
       "      <td>-0.495892</td>\n",
       "      <td>0.136805</td>\n",
       "      <td>-0.094053</td>\n",
       "      <td>0.610013</td>\n",
       "      <td>-0.075151</td>\n",
       "      <td>0.159861</td>\n",
       "      <td>-0.240264</td>\n",
       "      <td>-0.127749</td>\n",
       "      <td>0.297545</td>\n",
       "      <td>0.045604</td>\n",
       "      <td>0.108214</td>\n",
       "    </tr>\n",
       "    <tr>\n",
       "      <th>SCHL</th>\n",
       "      <td>0.526318</td>\n",
       "      <td>1.000000</td>\n",
       "      <td>-0.437045</td>\n",
       "      <td>-0.106178</td>\n",
       "      <td>-0.034417</td>\n",
       "      <td>-0.534254</td>\n",
       "      <td>0.013117</td>\n",
       "      <td>0.051095</td>\n",
       "      <td>0.710749</td>\n",
       "      <td>-0.055516</td>\n",
       "      <td>0.026687</td>\n",
       "      <td>-0.036743</td>\n",
       "      <td>-0.002851</td>\n",
       "      <td>0.508846</td>\n",
       "      <td>0.020629</td>\n",
       "      <td>0.433160</td>\n",
       "    </tr>\n",
       "    <tr>\n",
       "      <th>MAR</th>\n",
       "      <td>-0.652526</td>\n",
       "      <td>-0.437045</td>\n",
       "      <td>1.000000</td>\n",
       "      <td>0.324343</td>\n",
       "      <td>0.084751</td>\n",
       "      <td>0.395482</td>\n",
       "      <td>-0.197440</td>\n",
       "      <td>0.091173</td>\n",
       "      <td>-0.486286</td>\n",
       "      <td>0.067081</td>\n",
       "      <td>-0.212588</td>\n",
       "      <td>0.100159</td>\n",
       "      <td>0.034025</td>\n",
       "      <td>-0.243272</td>\n",
       "      <td>-0.037797</td>\n",
       "      <td>-0.236155</td>\n",
       "    </tr>\n",
       "    <tr>\n",
       "      <th>RELP</th>\n",
       "      <td>-0.160553</td>\n",
       "      <td>-0.106178</td>\n",
       "      <td>0.324343</td>\n",
       "      <td>1.000000</td>\n",
       "      <td>-0.090447</td>\n",
       "      <td>0.028915</td>\n",
       "      <td>-0.007710</td>\n",
       "      <td>0.202360</td>\n",
       "      <td>-0.026641</td>\n",
       "      <td>0.051846</td>\n",
       "      <td>-0.018830</td>\n",
       "      <td>-0.004358</td>\n",
       "      <td>-0.043709</td>\n",
       "      <td>-0.090742</td>\n",
       "      <td>-0.041623</td>\n",
       "      <td>-0.141054</td>\n",
       "    </tr>\n",
       "    <tr>\n",
       "      <th>DIS</th>\n",
       "      <td>-0.319932</td>\n",
       "      <td>-0.034417</td>\n",
       "      <td>0.084751</td>\n",
       "      <td>-0.090447</td>\n",
       "      <td>1.000000</td>\n",
       "      <td>0.093754</td>\n",
       "      <td>0.037943</td>\n",
       "      <td>-0.000815</td>\n",
       "      <td>-0.102686</td>\n",
       "      <td>-0.006058</td>\n",
       "      <td>0.031085</td>\n",
       "      <td>0.512855</td>\n",
       "      <td>0.405873</td>\n",
       "      <td>0.190759</td>\n",
       "      <td>-0.004698</td>\n",
       "      <td>0.209605</td>\n",
       "    </tr>\n",
       "    <tr>\n",
       "      <th>ESP</th>\n",
       "      <td>-0.495892</td>\n",
       "      <td>-0.534254</td>\n",
       "      <td>0.395482</td>\n",
       "      <td>0.028915</td>\n",
       "      <td>0.093754</td>\n",
       "      <td>1.000000</td>\n",
       "      <td>-0.139069</td>\n",
       "      <td>-0.016679</td>\n",
       "      <td>-0.650507</td>\n",
       "      <td>0.037561</td>\n",
       "      <td>-0.145389</td>\n",
       "      <td>0.063005</td>\n",
       "      <td>0.038179</td>\n",
       "      <td>-0.286680</td>\n",
       "      <td>-0.014166</td>\n",
       "      <td>-0.323080</td>\n",
       "    </tr>\n",
       "    <tr>\n",
       "      <th>CIT</th>\n",
       "      <td>0.136805</td>\n",
       "      <td>0.013117</td>\n",
       "      <td>-0.197440</td>\n",
       "      <td>-0.007710</td>\n",
       "      <td>0.037943</td>\n",
       "      <td>-0.139069</td>\n",
       "      <td>1.000000</td>\n",
       "      <td>-0.010506</td>\n",
       "      <td>0.210177</td>\n",
       "      <td>-0.154963</td>\n",
       "      <td>0.975068</td>\n",
       "      <td>0.025188</td>\n",
       "      <td>-0.000428</td>\n",
       "      <td>0.109111</td>\n",
       "      <td>0.011768</td>\n",
       "      <td>0.108761</td>\n",
       "    </tr>\n",
       "    <tr>\n",
       "      <th>MIG</th>\n",
       "      <td>-0.094053</td>\n",
       "      <td>0.051095</td>\n",
       "      <td>0.091173</td>\n",
       "      <td>0.202360</td>\n",
       "      <td>-0.000815</td>\n",
       "      <td>-0.016679</td>\n",
       "      <td>-0.010506</td>\n",
       "      <td>1.000000</td>\n",
       "      <td>0.041475</td>\n",
       "      <td>0.032566</td>\n",
       "      <td>-0.018573</td>\n",
       "      <td>0.016514</td>\n",
       "      <td>-0.003608</td>\n",
       "      <td>0.034611</td>\n",
       "      <td>-0.011250</td>\n",
       "      <td>0.020511</td>\n",
       "    </tr>\n",
       "    <tr>\n",
       "      <th>MIL</th>\n",
       "      <td>0.610013</td>\n",
       "      <td>0.710749</td>\n",
       "      <td>-0.486286</td>\n",
       "      <td>-0.026641</td>\n",
       "      <td>-0.102686</td>\n",
       "      <td>-0.650507</td>\n",
       "      <td>0.210177</td>\n",
       "      <td>0.041475</td>\n",
       "      <td>1.000000</td>\n",
       "      <td>-0.072090</td>\n",
       "      <td>0.217732</td>\n",
       "      <td>-0.041023</td>\n",
       "      <td>-0.047215</td>\n",
       "      <td>0.391905</td>\n",
       "      <td>0.084040</td>\n",
       "      <td>0.455615</td>\n",
       "    </tr>\n",
       "    <tr>\n",
       "      <th>ANC</th>\n",
       "      <td>-0.075151</td>\n",
       "      <td>-0.055516</td>\n",
       "      <td>0.067081</td>\n",
       "      <td>0.051846</td>\n",
       "      <td>-0.006058</td>\n",
       "      <td>0.037561</td>\n",
       "      <td>-0.154963</td>\n",
       "      <td>0.032566</td>\n",
       "      <td>-0.072090</td>\n",
       "      <td>1.000000</td>\n",
       "      <td>-0.160468</td>\n",
       "      <td>0.000405</td>\n",
       "      <td>0.001006</td>\n",
       "      <td>-0.050561</td>\n",
       "      <td>0.003481</td>\n",
       "      <td>-0.022187</td>\n",
       "    </tr>\n",
       "    <tr>\n",
       "      <th>NATIVITY</th>\n",
       "      <td>0.159861</td>\n",
       "      <td>0.026687</td>\n",
       "      <td>-0.212588</td>\n",
       "      <td>-0.018830</td>\n",
       "      <td>0.031085</td>\n",
       "      <td>-0.145389</td>\n",
       "      <td>0.975068</td>\n",
       "      <td>-0.018573</td>\n",
       "      <td>0.217732</td>\n",
       "      <td>-0.160468</td>\n",
       "      <td>1.000000</td>\n",
       "      <td>0.020730</td>\n",
       "      <td>-0.001856</td>\n",
       "      <td>0.109656</td>\n",
       "      <td>0.015864</td>\n",
       "      <td>0.110149</td>\n",
       "    </tr>\n",
       "    <tr>\n",
       "      <th>DEAR</th>\n",
       "      <td>-0.240264</td>\n",
       "      <td>-0.036743</td>\n",
       "      <td>0.100159</td>\n",
       "      <td>-0.004358</td>\n",
       "      <td>0.512855</td>\n",
       "      <td>0.063005</td>\n",
       "      <td>0.025188</td>\n",
       "      <td>0.016514</td>\n",
       "      <td>-0.041023</td>\n",
       "      <td>0.000405</td>\n",
       "      <td>0.020730</td>\n",
       "      <td>1.000000</td>\n",
       "      <td>0.231059</td>\n",
       "      <td>0.049433</td>\n",
       "      <td>0.034801</td>\n",
       "      <td>0.098217</td>\n",
       "    </tr>\n",
       "    <tr>\n",
       "      <th>DEYE</th>\n",
       "      <td>-0.127749</td>\n",
       "      <td>-0.002851</td>\n",
       "      <td>0.034025</td>\n",
       "      <td>-0.043709</td>\n",
       "      <td>0.405873</td>\n",
       "      <td>0.038179</td>\n",
       "      <td>-0.000428</td>\n",
       "      <td>-0.003608</td>\n",
       "      <td>-0.047215</td>\n",
       "      <td>0.001006</td>\n",
       "      <td>-0.001856</td>\n",
       "      <td>0.231059</td>\n",
       "      <td>1.000000</td>\n",
       "      <td>0.066936</td>\n",
       "      <td>-0.009537</td>\n",
       "      <td>0.072056</td>\n",
       "    </tr>\n",
       "    <tr>\n",
       "      <th>DREM</th>\n",
       "      <td>0.297545</td>\n",
       "      <td>0.508846</td>\n",
       "      <td>-0.243272</td>\n",
       "      <td>-0.090742</td>\n",
       "      <td>0.190759</td>\n",
       "      <td>-0.286680</td>\n",
       "      <td>0.109111</td>\n",
       "      <td>0.034611</td>\n",
       "      <td>0.391905</td>\n",
       "      <td>-0.050561</td>\n",
       "      <td>0.109656</td>\n",
       "      <td>0.049433</td>\n",
       "      <td>0.066936</td>\n",
       "      <td>1.000000</td>\n",
       "      <td>0.010203</td>\n",
       "      <td>0.265008</td>\n",
       "    </tr>\n",
       "    <tr>\n",
       "      <th>SEX</th>\n",
       "      <td>0.045604</td>\n",
       "      <td>0.020629</td>\n",
       "      <td>-0.037797</td>\n",
       "      <td>-0.041623</td>\n",
       "      <td>-0.004698</td>\n",
       "      <td>-0.014166</td>\n",
       "      <td>0.011768</td>\n",
       "      <td>-0.011250</td>\n",
       "      <td>0.084040</td>\n",
       "      <td>0.003481</td>\n",
       "      <td>0.015864</td>\n",
       "      <td>0.034801</td>\n",
       "      <td>-0.009537</td>\n",
       "      <td>0.010203</td>\n",
       "      <td>1.000000</td>\n",
       "      <td>-0.070236</td>\n",
       "    </tr>\n",
       "    <tr>\n",
       "      <th>ESR</th>\n",
       "      <td>0.108214</td>\n",
       "      <td>0.433160</td>\n",
       "      <td>-0.236155</td>\n",
       "      <td>-0.141054</td>\n",
       "      <td>0.209605</td>\n",
       "      <td>-0.323080</td>\n",
       "      <td>0.108761</td>\n",
       "      <td>0.020511</td>\n",
       "      <td>0.455615</td>\n",
       "      <td>-0.022187</td>\n",
       "      <td>0.110149</td>\n",
       "      <td>0.098217</td>\n",
       "      <td>0.072056</td>\n",
       "      <td>0.265008</td>\n",
       "      <td>-0.070236</td>\n",
       "      <td>1.000000</td>\n",
       "    </tr>\n",
       "  </tbody>\n",
       "</table>\n",
       "</div>"
      ],
      "text/plain": [
       "              AGEP      SCHL       MAR      RELP       DIS       ESP  \\\n",
       "AGEP      1.000000  0.526318 -0.652526 -0.160553 -0.319932 -0.495892   \n",
       "SCHL      0.526318  1.000000 -0.437045 -0.106178 -0.034417 -0.534254   \n",
       "MAR      -0.652526 -0.437045  1.000000  0.324343  0.084751  0.395482   \n",
       "RELP     -0.160553 -0.106178  0.324343  1.000000 -0.090447  0.028915   \n",
       "DIS      -0.319932 -0.034417  0.084751 -0.090447  1.000000  0.093754   \n",
       "ESP      -0.495892 -0.534254  0.395482  0.028915  0.093754  1.000000   \n",
       "CIT       0.136805  0.013117 -0.197440 -0.007710  0.037943 -0.139069   \n",
       "MIG      -0.094053  0.051095  0.091173  0.202360 -0.000815 -0.016679   \n",
       "MIL       0.610013  0.710749 -0.486286 -0.026641 -0.102686 -0.650507   \n",
       "ANC      -0.075151 -0.055516  0.067081  0.051846 -0.006058  0.037561   \n",
       "NATIVITY  0.159861  0.026687 -0.212588 -0.018830  0.031085 -0.145389   \n",
       "DEAR     -0.240264 -0.036743  0.100159 -0.004358  0.512855  0.063005   \n",
       "DEYE     -0.127749 -0.002851  0.034025 -0.043709  0.405873  0.038179   \n",
       "DREM      0.297545  0.508846 -0.243272 -0.090742  0.190759 -0.286680   \n",
       "SEX       0.045604  0.020629 -0.037797 -0.041623 -0.004698 -0.014166   \n",
       "ESR       0.108214  0.433160 -0.236155 -0.141054  0.209605 -0.323080   \n",
       "\n",
       "               CIT       MIG       MIL       ANC  NATIVITY      DEAR  \\\n",
       "AGEP      0.136805 -0.094053  0.610013 -0.075151  0.159861 -0.240264   \n",
       "SCHL      0.013117  0.051095  0.710749 -0.055516  0.026687 -0.036743   \n",
       "MAR      -0.197440  0.091173 -0.486286  0.067081 -0.212588  0.100159   \n",
       "RELP     -0.007710  0.202360 -0.026641  0.051846 -0.018830 -0.004358   \n",
       "DIS       0.037943 -0.000815 -0.102686 -0.006058  0.031085  0.512855   \n",
       "ESP      -0.139069 -0.016679 -0.650507  0.037561 -0.145389  0.063005   \n",
       "CIT       1.000000 -0.010506  0.210177 -0.154963  0.975068  0.025188   \n",
       "MIG      -0.010506  1.000000  0.041475  0.032566 -0.018573  0.016514   \n",
       "MIL       0.210177  0.041475  1.000000 -0.072090  0.217732 -0.041023   \n",
       "ANC      -0.154963  0.032566 -0.072090  1.000000 -0.160468  0.000405   \n",
       "NATIVITY  0.975068 -0.018573  0.217732 -0.160468  1.000000  0.020730   \n",
       "DEAR      0.025188  0.016514 -0.041023  0.000405  0.020730  1.000000   \n",
       "DEYE     -0.000428 -0.003608 -0.047215  0.001006 -0.001856  0.231059   \n",
       "DREM      0.109111  0.034611  0.391905 -0.050561  0.109656  0.049433   \n",
       "SEX       0.011768 -0.011250  0.084040  0.003481  0.015864  0.034801   \n",
       "ESR       0.108761  0.020511  0.455615 -0.022187  0.110149  0.098217   \n",
       "\n",
       "              DEYE      DREM       SEX       ESR  \n",
       "AGEP     -0.127749  0.297545  0.045604  0.108214  \n",
       "SCHL     -0.002851  0.508846  0.020629  0.433160  \n",
       "MAR       0.034025 -0.243272 -0.037797 -0.236155  \n",
       "RELP     -0.043709 -0.090742 -0.041623 -0.141054  \n",
       "DIS       0.405873  0.190759 -0.004698  0.209605  \n",
       "ESP       0.038179 -0.286680 -0.014166 -0.323080  \n",
       "CIT      -0.000428  0.109111  0.011768  0.108761  \n",
       "MIG      -0.003608  0.034611 -0.011250  0.020511  \n",
       "MIL      -0.047215  0.391905  0.084040  0.455615  \n",
       "ANC       0.001006 -0.050561  0.003481 -0.022187  \n",
       "NATIVITY -0.001856  0.109656  0.015864  0.110149  \n",
       "DEAR      0.231059  0.049433  0.034801  0.098217  \n",
       "DEYE      1.000000  0.066936 -0.009537  0.072056  \n",
       "DREM      0.066936  1.000000  0.010203  0.265008  \n",
       "SEX      -0.009537  0.010203  1.000000 -0.070236  \n",
       "ESR       0.072056  0.265008 -0.070236  1.000000  "
      ]
     },
     "execution_count": 9,
     "metadata": {},
     "output_type": "execute_result"
    }
   ],
   "source": [
    "pums.corr()"
   ]
  },
  {
   "cell_type": "code",
   "execution_count": 10,
   "id": "83d6486d-c0b5-4609-854f-a0ad656e7291",
   "metadata": {},
   "outputs": [],
   "source": [
    "round(pums.corr(),2).to_csv('corr.csv')"
   ]
  },
  {
   "cell_type": "markdown",
   "id": "f1f028cb-4313-4508-9a3f-9358c55b871a",
   "metadata": {},
